name: python3
channels:
  - conda-forge
  - defaults
dependencies:
  - ca-certificates=2018.11.29=ha4d7672_0
  - cairo=1.14.12=h276e583_5
  - certifi=2018.11.29=py37_1000
  - cryptography=2.3.1=py37hdffb7b8_0
  - curl=7.63.0=h74213dd_0
  - ffmpeg=4.0.2=ha0c5888_2
  - fontconfig=2.13.1=h65d0f4c_0
  - freeglut=3.0.0=hfc679d8_5
  - gettext=0.19.8.1=h5e8e0c9_1
  - glib=2.56.2=h464dc38_1
  - gmp=6.1.2=hfc679d8_0
  - gnutls=3.5.19=h2a4e5f8_1
  - graphite2=1.3.13=hfc679d8_0
  - harfbuzz=1.9.0=h04dbb29_1
  - hdf5=1.10.2=hc401514_3
  - icu=58.2=hfc679d8_0
  - krb5=1.16.2=hbb41f41_0
  - libcurl=7.63.0=hbdb9355_0
  - libgfortran=3.0.0=1
  - libglu=9.0.0=hfc679d8_0
  - libiconv=1.15=h470a237_3
  - libnetcdf=4.6.1=h5e45101_3
  - libssh2=1.8.0=h5b517e9_3
  - libuuid=2.32.1=h470a237_2
  - libxcb=1.13=h470a237_2
  - libxml2=2.9.8=h422b904_5
  - netcdf4=1.4.1=py37ha292673_200
  - nettle=3.3=0
  - openh264=1.8.0=hd28b015_0
  - openssl=1.0.2p=h470a237_1
  - pcre=8.41=hfc679d8_3
  - pixman=0.34.0=h470a237_3
  - pthread-stubs=0.4=h470a237_1
  - python=3.7.1=h5001a0f_0
  - x264=1!152.20180717=h470a237_1
  - xorg-kbproto=1.0.7=h470a237_2
  - xorg-libice=1.0.9=h470a237_4
  - xorg-libsm=1.2.3=h8c8a85c_0
  - xorg-libx11=1.6.6=h470a237_0
  - xorg-libxau=1.0.8=h470a237_6
  - xorg-libxdmcp=1.1.2=h470a237_7
  - xorg-libxext=1.3.3=h470a237_4
  - xorg-libxrender=0.9.10=h470a237_2
  - xorg-renderproto=0.11.1=h470a237_2
  - xorg-xextproto=7.3.0=h470a237_2
  - xorg-xproto=7.0.31=h470a237_7
  - asn1crypto=0.24.0=py37_0
  - blas=1.0=mkl
  - boto=2.49.0=py37_0
  - boto3=1.9.66=py37_0
  - botocore=1.12.67=py37_0
  - bzip2=1.0.6=h14c3975_5
  - cffi=1.11.5=py37he75722e_1
  - cftime=1.0.3.4=py37hdd07704_0
  - cudatoolkit=9.0=h13b8566_0
  - cudnn=7.1.2=cuda9.0_0
  - docutils=0.14=py37_0
  - freetype=2.9.1=h8a8886c_1
  - hdf4=4.2.13=h3ca952b_2
  - idna=2.8=py37_0
  - intel-openmp=2019.1=144
  - jasper=2.0.14=h07fcdf6_1
  - jmespath=0.9.3=py37_0
  - jpeg=9b=h024ee3a_2
  - libedit=3.1.20170329=h6b74fdf_2
  - libffi=3.2.1=hd88cf55_4
  - libgcc-ng=8.2.0=hdf63c60_1
  - libgfortran-ng=7.3.0=hdf63c60_0
  - libopencv=3.4.2=hb342d67_1
  - libpng=1.6.35=hbc83047_0
  - libstdcxx-ng=8.2.0=hdf63c60_1
  - libtiff=4.0.9=he85c1e1_2
  - mkl=2018.0.3=1
  - mkl_fft=1.0.6=py37h7dd41cf_0
  - mkl_random=1.0.1=py37h4414c95_1
  - nccl=1.3.5=cuda9.0_0
  - ncurses=6.1=he6710b0_1
  - ninja=1.8.2=py37h6bb024c_1
  - numpy=1.15.4=py37h1d66e8a_0
  - numpy-base=1.15.4=py37h81de0dd_0
  - olefile=0.46=py37_0
  - opencv=3.4.2=py37h6fd60c2_1
  - pandas=0.23.4=py37h04863e7_0
  - pillow=5.3.0=py37h34e0f95_0
  - pip=18.1=py37_0
  - py-opencv=3.4.2=py37hb342d67_1
  - pycparser=2.19=py37_0
  - pyopenssl=18.0.0=py37_0
  - pysocks=1.6.8=py37_0
  - python-dateutil=2.7.5=py37_0
  - pytorch=0.4.1=py37ha74772b_0
  - pytz=2018.7=py37_0
  - readline=7.0=h7b6447c_5
  - s3transfer=0.1.13=py37_0
  - scipy=1.1.0=py37hfa4b5c9_1
  - setuptools=40.6.3=py37_0
  - six=1.12.0=py37_0
  - sqlite=3.26.0=h7b6447c_0
  - tk=8.6.8=hbc83047_0
  - urllib3=1.24.1=py37_0
  - wheel=0.32.3=py37_0
  - xarray=0.11.0=py37_0
  - xz=5.2.4=h14c3975_4
  - zlib=1.2.11=h7b6447c_3
  - pip:
    - torch==0.4.1
prefix: /home/ec2-user/anaconda/envs/python3

